              precision    recall  f1-score   support

      NORMAL       0.69      0.81      0.74     48865
         BMP       0.95      0.76      0.84     41265
          RA       0.93      0.89      0.91     34146
         WNT       0.96      0.91      0.94     35029
         FGF       0.80      0.84      0.82     32176
       NODAL       0.98      0.90      0.93     66582
         SHH       0.58      0.64      0.61     22850
         PCP       0.53      0.29      0.38     27142
        BOOM       0.92      1.00      0.96     78639

   micro avg       0.85      0.83      0.84    386694
   macro avg       0.81      0.78      0.79    386694
weighted avg       0.85      0.83      0.84    386694
