              precision    recall  f1-score   support

      NORMAL       0.72      0.87      0.79     34829
         BMP       0.97      0.86      0.91     27535
          RA       0.97      0.87      0.92     26996
         WNT       0.97      0.95      0.96     30559
         FGF       0.77      0.85      0.81     22972
       NODAL       0.98      0.77      0.86     48907
         SHH       0.79      0.65      0.71     14994
         PCP       0.67      0.45      0.54     19557
        BOOM       0.96      0.99      0.98     78610

   micro avg       0.89      0.85      0.87    304959
   macro avg       0.87      0.81      0.83    304959
weighted avg       0.90      0.85      0.87    304959
